-116.649457 ,140.699077 ,204.736907
-127.827740 ,128.067625 ,208.449048
-115.766135 ,137.980648 ,211.516894
-115.053263 ,134.931767 ,206.669094
-105.633685 ,138.177038 ,211.648966
-113.239528 ,144.143606 ,202.142316
-116.664963 ,134.654955 ,212.478410
-121.818090 ,127.868367 ,216.023511
-113.413906 ,134.250490 ,204.226834
-121.802584 ,133.912489 ,208.282009
-133.820451 ,125.601826 ,205.977471
-135.558003 ,121.371414 ,208.628943
-148.661227 ,106.844154 ,198.261882
-150.370262 ,96.430145 ,211.987044
-162.437799 ,89.147310 ,204.649357
-170.451641 ,67.681163 ,206.289936
-168.039022 ,64.630145 ,202.297195
-169.220854 ,43.050844 ,209.857151
-160.655221 ,37.605438 ,226.837360
-167.613655 ,37.248666 ,212.622384
-164.735429 ,45.779495 ,224.767549
-166.039761 ,33.292929 ,210.319600
-172.113727 ,23.250385 ,213.160123
-184.899210 ,16.421111 ,214.107029
-180.791916 ,10.772636 ,214.406140
-169.079639 ,4.383101 ,216.505268
-166.481350 ,9.448493 ,213.829933
-173.907456 ,26.161660 ,201.370849
-173.170567 ,10.850191 ,216.171288
-173.067299 ,18.357199 ,212.525282
-179.893948 ,19.323837 ,205.737991
-172.424964 ,9.438539 ,211.253751
-171.427082 ,12.450414 ,217.789656
-166.452832 ,3.264896 ,224.903623
-174.069108 ,5.782661 ,219.701682
-163.020892 ,6.639687 ,223.975125
-165.662632 ,-1.769902 ,228.456029
-169.079639 ,4.383101 ,216.505268
-143.987209 ,-15.260844 ,229.334953
-138.756181 ,-13.943844 ,239.327814
-150.458598 ,-0.621834 ,227.786221
-142.271669 ,-10.960694 ,225.017388
-144.755111 ,-12.037619 ,230.017519
-138.608889 ,-6.576311 ,239.013996
-142.857542 ,-10.925557 ,243.298543
-144.601313 ,-10.783945 ,239.111297
-135.624184 ,-26.157603 ,239.894869
-140.031995 ,-32.614007 ,235.953555
-127.376579 ,-37.559159 ,242.992232
-124.129449 ,-47.526286 ,248.452962
-114.341540 ,-59.295301 ,241.610643
-112.443684 ,-59.925075 ,257.460545
-105.118351 ,-65.873408 ,247.008940
-82.265309 ,-65.605876 ,251.471336
-85.528232 ,-59.941035 ,251.183231
-80.674190 ,-73.968505 ,256.840317
-82.298327 ,-65.501270 ,248.972196
-78.788772 ,-65.854231 ,259.012782
-73.069779 ,-71.225894 ,253.502577
-73.732980 ,-69.204840 ,263.383527
-75.657348 ,-74.584319 ,254.442081
-53.554983 ,-75.500455 ,267.258808
-42.617113 ,-72.552905 ,260.632905
-31.744707 ,-72.879815 ,254.146478
-26.688628 ,-77.972259 ,261.086101
-30.565942 ,-66.088684 ,268.005461
-18.881609 ,-69.778294 ,264.168655
-12.202826 ,-74.628794 ,266.132009
-3.644844 ,-66.992997 ,263.429110
-3.759404 ,-72.723301 ,263.673191
6.482246 ,-67.650091 ,264.429097
8.116817 ,-72.668523 ,267.992509
15.742953 ,-68.253814 ,263.751985
22.552377 ,-64.813560 ,262.867512
20.568192 ,-74.355850 ,255.766503
33.397985 ,-69.407887 ,260.720662
40.163098 ,-64.086322 ,253.935123
46.918351 ,-65.697232 ,256.592049
51.914899 ,-76.694323 ,267.940987
57.748452 ,-76.335682 ,262.186701
62.007825 ,-70.279468 ,256.166322
71.563402 ,-57.889960 ,257.430451
70.664574 ,-61.215654 ,258.391967
83.684251 ,-40.330453 ,253.520104
88.707311 ,-45.318291 ,257.960587
92.499298 ,-23.933974 ,256.264977
101.040915 ,-17.116791 ,253.596947
102.136132 ,-3.967719 ,252.217006
110.035699 ,10.026287 ,253.389386
116.076362 ,21.915274 ,245.480844
109.545156 ,32.391471 ,245.772549
100.552521 ,41.721007 ,252.730480
109.224777 ,56.828944 ,247.214622
97.752340 ,76.386054 ,242.891501
91.270232 ,89.318096 ,243.078600
92.169060 ,92.643790 ,242.117085
83.055358 ,102.356882 ,239.911500
72.225257 ,112.995331 ,234.316847
74.149625 ,118.374811 ,243.258294
55.747271 ,131.391551 ,235.793887
62.452854 ,130.808468 ,233.417663
29.791037 ,135.412345 ,244.407004
25.748061 ,151.302622 ,233.692906
45.980802 ,146.574499 ,239.164543
4.623857 ,141.365684 ,246.297014
9.738033 ,150.887066 ,235.982932
12.183384 ,149.473277 ,231.920454
0.531497 ,156.541953 ,233.118645
-11.247103 ,164.882536 ,223.452358
-14.488586 ,173.961311 ,219.692591
-29.795889 ,165.306235 ,224.008404
-34.710321 ,178.654565 ,215.054000
-52.731046 ,162.687464 ,217.151473
-41.671824 ,163.509622 ,222.257964
-44.434343 ,153.741753 ,220.144230
-68.785670 ,165.895055 ,210.971556
-46.062122 ,150.904490 ,228.557292
-85.929292 ,151.581550 ,213.010298
-88.538015 ,143.067355 ,219.990342
-92.813753 ,136.192526 ,226.045590
-120.930841 ,134.712601 ,209.091193
-97.351343 ,116.219861 ,232.658737
-121.328406 ,110.728690 ,215.933714
-119.393892 ,121.298808 ,218.001573
-124.895773 ,94.725989 ,225.715711
-150.511621 ,86.432424 ,216.570703
-134.772447 ,61.592160 ,231.987675
-146.529035 ,69.863006 ,223.987482
-137.686043 ,83.559560 ,232.668289
-140.634232 ,65.675280 ,229.237149
-162.937773 ,52.430883 ,222.844517
-135.502831 ,70.789770 ,226.594832
-144.197385 ,57.493406 ,227.875718
-143.042351 ,74.805290 ,224.655340
-136.260013 ,75.719962 ,225.541567
-146.676613 ,64.237309 ,221.732423
-137.991060 ,65.375690 ,237.600635
-143.370812 ,65.400337 ,215.077203
-144.790909 ,70.609746 ,226.473766
-143.914380 ,75.747014 ,221.277278
-140.415544 ,73.687085 ,233.053696
-140.863353 ,54.214673 ,229.725311
-140.110958 ,44.947326 ,236.784248
-147.815854 ,51.227712 ,219.780176
-148.679946 ,37.346397 ,238.654100
-150.054240 ,15.506381 ,232.920175
-153.481394 ,16.468745 ,227.843001
-145.108795 ,14.246296 ,226.391574
-137.584781 ,4.186654 ,236.072568
-137.824621 ,-8.980921 ,238.296561
-128.051932 ,-28.535893 ,241.764623
-119.020060 ,-42.342059 ,244.144551
-109.307474 ,-64.318007 ,246.884172
-104.782752 ,-82.524923 ,235.256487
-110.807621 ,-90.111623 ,237.992404
-104.364178 ,-102.050707 ,233.605202
-93.873830 ,-120.317405 ,226.219792
-76.853136 ,-143.834794 ,210.836043
-77.060245 ,-155.365139 ,212.990299
-86.041242 ,-166.013080 ,190.043090
-84.526878 ,-175.873463 ,192.149620
-79.098541 ,-186.417530 ,173.554747
-102.154191 ,-192.136416 ,162.672057
-70.220466 ,-201.477369 ,166.840898
-64.413711 ,-205.386145 ,165.426190
-65.307466 ,-206.116520 ,162.950912
-59.725332 ,-215.406912 ,153.449817
-47.327841 ,-223.887239 ,147.334088
-51.126907 ,-235.674025 ,134.484346
-64.785278 ,-236.336067 ,124.346556
-79.294238 ,-232.642452 ,107.359042
-80.609576 ,-245.094149 ,92.078046
-71.590141 ,-250.156267 ,80.780538
-54.037519 ,-264.042856 ,89.101854
-54.950217 ,-249.915323 ,63.541543
-58.020046 ,-263.932375 ,45.809132
-66.595826 ,-263.677608 ,35.702509
-54.962023 ,-261.113883 ,19.125919
-47.675927 ,-262.585586 ,-0.663545
-57.124023 ,-259.647259 ,-16.717107
-61.229598 ,-264.449799 ,-1.602950
-68.090697 ,-254.669375 ,-23.733772
-64.148207 ,-261.536655 ,-33.361485
-70.839715 ,-246.200271 ,-51.571154
-79.394056 ,-242.531570 ,-65.149438
-81.368954 ,-241.657714 ,-86.830668
-94.744320 ,-224.066150 ,-103.566898
-103.266789 ,-213.534711 ,-124.921553
-106.618046 ,-205.849085 ,-134.442911
-110.737205 ,-194.940234 ,-143.281703
-92.501947 ,-195.241092 ,-166.295145
-91.526077 ,-192.159479 ,-161.425333
-81.507901 ,-199.435230 ,-158.480302
-85.687164 ,-190.947354 ,-168.047534
-83.873142 ,-183.477352 ,-170.005434
-101.564833 ,-193.523171 ,-153.192068
-129.369252 ,-189.900430 ,-155.395703
-130.159452 ,-184.865632 ,-158.948109
-138.358533 ,-167.524560 ,-167.287834
-128.326570 ,-158.305173 ,-187.497573
-118.931009 ,-142.797314 ,-202.165941
-126.187238 ,-122.270023 ,-208.134994
-120.201319 ,-111.948529 ,-217.639892
-104.469510 ,-125.449425 ,-219.337150
-93.400714 ,-115.952957 ,-226.242002
-87.594532 ,-116.378062 ,-232.794466
-90.067255 ,-115.748019 ,-229.530166
-80.116261 ,-115.847214 ,-241.858928
-61.027405 ,-89.256624 ,-243.565642
-59.629892 ,-90.912624 ,-261.766054
-39.885976 ,-83.726578 ,-248.497985
-40.807675 ,-81.757027 ,-256.909197
-34.515880 ,-58.477170 ,-263.639807
-25.636515 ,-31.838888 ,-271.309921
-8.584868 ,-26.809096 ,-266.300732
-1.765012 ,-19.920039 ,-271.489915
7.582311 ,-12.093532 ,-278.347042
2.467992 ,28.792386 ,-281.833614
-25.131383 ,72.597259 ,-268.297709
-46.989181 ,107.477060 ,-253.468158
-58.514929 ,116.757499 ,-246.543245
-68.034480 ,135.510490 ,-230.851230
-54.059800 ,152.579698 ,-222.243862
-52.641481 ,174.280239 ,-213.177750
-44.279888 ,172.092659 ,-215.462224
-64.961930 ,182.516485 ,-201.230693
-74.880192 ,184.252909 ,-188.971669
-75.583549 ,212.435037 ,-160.259269
-75.277386 ,223.651563 ,-154.916104
-81.329114 ,228.256382 ,-111.964666
-84.049389 ,245.258989 ,-90.283537
-90.267639 ,259.096017 ,-72.672192
-92.789459 ,257.270215 ,-69.303285
-97.114008 ,246.197707 ,-60.574553
-117.157641 ,238.140210 ,-33.902249
-127.772123 ,242.002295 ,-14.261415
-129.147910 ,245.330394 ,3.036213
-123.809889 ,231.510536 ,42.778481
-151.620732 ,207.298772 ,80.843846
-148.944255 ,205.152740 ,94.275351
-158.172230 ,207.393693 ,94.882726
-153.157108 ,217.228894 ,77.071222
-150.075641 ,211.268469 ,64.898493
-146.392281 ,224.292294 ,67.716805
-145.676055 ,234.289748 ,44.018944
-147.620716 ,218.528991 ,48.824672
-166.761308 ,221.618015 ,63.392033
-167.812215 ,206.587633 ,70.673039
-160.995426 ,198.688519 ,86.902795
-160.940396 ,198.514176 ,91.068030
-170.483249 ,175.638784 ,106.050215
-159.390722 ,174.614499 ,116.224724
-166.008543 ,176.660468 ,122.696445
-169.619361 ,157.313570 ,134.284010
-173.736801 ,157.771406 ,140.858486
-171.087983 ,156.583464 ,150.922935
-169.568545 ,149.318400 ,149.592672
-160.906436 ,159.235698 ,150.950401
-165.269649 ,149.156148 ,155.479030
-169.593625 ,134.599967 ,169.345518
-165.153370 ,144.435436 ,170.648217
-166.482495 ,115.488602 ,178.521991
-161.388898 ,116.370543 ,179.386205
-159.645126 ,116.228931 ,183.573451
-176.789322 ,105.399097 ,180.474437
-183.876677 ,86.300555 ,184.520557
-188.062731 ,102.644126 ,162.976850
-180.168237 ,114.042813 ,167.586023
-176.076163 ,100.608380 ,178.195515
-191.433709 ,96.464803 ,172.340423
-188.841353 ,104.160384 ,165.395248
-191.483666 ,99.234466 ,164.738395
-200.048440 ,99.454365 ,155.464820
-200.060019 ,102.972905 ,149.494017
-200.964493 ,100.535564 ,148.754570
-201.771918 ,109.977254 ,137.530399
-206.931837 ,111.046362 ,129.099026
-218.742309 ,112.524208 ,127.209111
-217.202292 ,113.898585 ,114.700552
-226.475437 ,123.246356 ,101.700227
-226.534968 ,117.341708 ,106.109542
-224.940493 ,122.025414 ,92.628461
-229.299779 ,121.508526 ,83.444785
-216.204696 ,118.652296 ,118.667580
-219.584185 ,130.779684 ,100.641410
-220.701700 ,119.442186 ,97.786379
-222.558027 ,101.660643 ,111.825359
-228.261514 ,113.076428 ,109.594061
-232.879584 ,114.249873 ,79.549345
-224.888818 ,108.804736 ,115.643757
-225.037828 ,111.888217 ,100.544308
-237.161255 ,110.005233 ,81.334753
-233.667779 ,107.091821 ,93.979085
-235.378819 ,108.870662 ,89.722102
-234.923586 ,100.544771 ,74.288774
-242.076691 ,79.913605 ,75.905491
-262.013642 ,75.950515 ,44.205785
-272.528951 ,46.580909 ,-0.407845
-270.013577 ,38.061634 ,-49.060291
-259.438333 ,38.676180 ,-78.038984
-248.971143 ,27.446562 ,-97.365999
-247.496302 ,23.804644 ,-107.166205
-243.953669 ,6.888140 ,-130.502421
-219.494515 ,-8.138099 ,-169.426246
-185.396808 ,-13.649098 ,-196.984774
-181.768764 ,1.290906 ,-200.900574
-169.088269 ,11.064187 ,-213.614743
-166.053177 ,35.636860 ,-213.794740
-167.353927 ,50.913729 ,-208.647930
-158.899786 ,54.526190 ,-212.842579
-109.712605 ,44.432954 ,-240.826833
-68.020348 ,34.732091 ,-262.280635
-65.246249 ,40.981419 ,-254.196099
-66.090906 ,42.706889 ,-256.775983
-52.521443 ,48.873389 ,-261.009202
-40.689532 ,50.809477 ,-262.590949
-26.511324 ,51.645595 ,-275.732596
-7.313984 ,37.931212 ,-270.721455
34.801861 ,27.758821 ,-261.387393
59.250524 ,25.742715 ,-260.130566
81.335377 ,30.975308 ,-257.554482
112.895125 ,37.536992 ,-243.264413
135.231971 ,48.934947 ,-231.803764
181.366430 ,53.335639 ,-198.096778
196.608842 ,55.232584 ,-197.135361
203.749591 ,50.659433 ,-162.752917
222.189117 ,61.817850 ,-128.056855
240.952950 ,58.101457 ,-108.515171
247.286274 ,62.969996 ,-85.356898
251.996606 ,69.338428 ,-59.791235
264.455287 ,72.770670 ,-19.027068
261.950119 ,70.021647 ,-13.124152
276.156844 ,64.674168 ,-15.192110
264.434707 ,64.131228 ,-7.848772
264.577499 ,65.419771 ,0.411959
262.390646 ,66.885062 ,22.766599
263.345936 ,61.327233 ,38.814708
260.544752 ,52.552323 ,32.500871
265.698165 ,57.597075 ,31.524648
257.606649 ,56.317618 ,58.072086
255.381132 ,58.775868 ,76.226624
252.191610 ,52.892129 ,98.051030
245.798983 ,56.836042 ,117.746894
227.635120 ,57.781171 ,144.890701
204.245876 ,56.520949 ,163.742610
204.038767 ,44.990604 ,165.896866
200.969166 ,45.690652 ,186.609276
168.351086 ,51.896889 ,198.361925
139.319604 ,57.506084 ,225.986489
127.575455 ,57.032882 ,231.663733
112.557950 ,58.775718 ,241.357581
95.023984 ,59.546235 ,253.552420
73.070630 ,57.378889 ,255.835142
47.849279 ,58.281065 ,261.266552
30.062462 ,58.111727 ,256.870192
7.837108 ,37.655905 ,266.584400
-42.596019 ,48.134566 ,265.435878
-52.849535 ,48.321733 ,256.140290
-72.901393 ,56.829111 ,257.991731
-107.751435 ,55.148522 ,242.615379
-113.902731 ,47.091894 ,237.055696
-113.405825 ,69.020151 ,240.279475
-100.364423 ,91.577450 ,234.504828
-88.145380 ,114.048646 ,230.385269
-95.680400 ,124.143157 ,219.871228
-91.435961 ,120.671576 ,226.730108
-107.077371 ,103.499900 ,219.766822
-109.746196 ,92.564729 ,226.018425
-101.448061 ,74.909838 ,241.855571
-84.385695 ,81.646597 ,245.128929
-48.768896 ,87.071305 ,249.547203
-5.542327 ,96.092108 ,249.759822
20.545979 ,91.652889 ,251.143267
68.265684 ,73.862203 ,250.073450
108.689350 ,84.559111 ,228.558964
131.545747 ,97.872977 ,214.171299
146.063135 ,109.821015 ,208.871958
148.545432 ,117.865283 ,193.596315
160.343465 ,125.131485 ,181.808793
172.920120 ,130.881429 ,167.602875
176.055184 ,133.455840 ,146.750990
181.228605 ,150.623705 ,129.458715
201.856475 ,135.148715 ,118.768584
213.528369 ,140.203154 ,101.254341
221.804409 ,156.566365 ,65.748796
213.468183 ,171.730542 ,50.849303
209.788178 ,171.753051 ,29.180930
203.914814 ,179.354711 ,20.459601
205.558386 ,186.494261 ,6.873914
195.358468 ,195.216263 ,-11.100829
186.732731 ,198.240694 ,-28.809479
177.678560 ,213.858433 ,-35.424379
165.088894 ,220.336208 ,-40.033653
149.077721 ,226.887996 ,-48.019138
139.010734 ,229.966066 ,-48.290685
124.857033 ,247.332052 ,-60.039640
105.337451 ,247.269458 ,-67.790199
96.048799 ,250.573106 ,-73.049021
76.480119 ,248.054667 ,-80.694975
60.633463 ,257.567096 ,-81.322514
62.612861 ,262.772231 ,-68.215833
65.190284 ,260.940018 ,-62.281750
77.329217 ,268.867125 ,-50.813697
80.773882 ,261.756032 ,-35.495881
89.820975 ,255.735824 ,-43.426333
98.314067 ,256.613491 ,-40.852001
121.936156 ,246.690455 ,-26.796659
144.664491 ,236.037045 ,-15.216594
154.523509 ,226.654137 ,-20.497425
172.179973 ,216.790885 ,-10.684359
186.310516 ,206.461979 ,-10.877011
201.598098 ,201.252105 ,3.692106
197.214305 ,182.533113 ,19.399031
210.642695 ,176.960056 ,22.318349
216.851372 ,154.448717 ,16.718347
221.994066 ,157.786502 ,17.477955
235.307610 ,148.224977 ,18.072475
247.958584 ,120.741897 ,-2.190241
249.324797 ,108.739488 ,-7.476526
266.395161 ,84.194272 ,-17.827125
265.560507 ,42.444916 ,-16.048820
269.155674 ,7.082226 ,-8.663106
264.630522 ,-21.634487 ,11.627478
262.582306 ,-43.160417 ,17.510334
258.241392 ,-55.051540 ,26.273934
257.027686 ,-83.493578 ,41.610261
249.333365 ,-124.171690 ,34.102134
213.901233 ,-164.919944 ,34.526409
185.249721 ,-194.302511 ,20.423642
167.821088 ,-214.676772 ,11.078678
158.358632 ,-224.749911 ,13.042131
138.490295 ,-244.598736 ,9.460608
106.306869 ,-255.357832 ,16.958226
91.202461 ,-260.303389 ,30.263211
81.070012 ,-260.499779 ,30.131139
68.553174 ,-262.086911 ,42.496620
59.534312 ,-260.508465 ,58.931885
41.019117 ,-263.673043 ,67.124827
37.176827 ,-264.086925 ,94.525474
22.179902 ,-253.704648 ,93.041025
6.132070 ,-258.352753 ,98.837583
-3.973008 ,-257.765396 ,99.503689
-13.189405 ,-259.042984 ,106.081866
-25.016529 ,-256.641917 ,101.657942
-21.523912 ,-254.329822 ,106.595641
-32.742006 ,-259.000972 ,95.832166
-56.028209 ,-267.471287 ,72.593249
-70.296470 ,-255.835604 ,61.088375
-98.353455 ,-254.894554 ,44.862419
-115.307767 ,-249.787150 ,31.937383
-141.578675 ,-238.676172 ,7.817592
-152.689859 ,-224.535815 ,-22.873071
-170.583955 ,-207.826460 ,-59.587717
-180.730561 ,-188.827786 ,-88.810494
-198.322994 ,-166.980895 ,-111.607425
-193.766829 ,-126.175937 ,-147.381014
-184.879323 ,-82.154165 ,-179.906861
-163.075981 ,-21.270530 ,-218.796320
-131.334574 ,17.793266 ,-239.153137
-108.202597 ,77.159044 ,-241.377529
-81.453154 ,99.350558 ,-231.981237
-47.890647 ,136.286825 ,-239.750601
-32.913298 ,160.705063 ,-230.612999
1.447921 ,174.299822 ,-207.440216
33.993686 ,189.133757 ,-195.153922
56.489402 ,204.380705 ,-178.036288
71.074546 ,205.668516 ,-162.924081
82.402126 ,213.474651 ,-148.967894
105.541038 ,214.577432 ,-125.415157
117.844488 ,225.465180 ,-106.589158
131.316903 ,219.752647 ,-100.337653
120.729220 ,227.882149 ,-85.036397
120.883304 ,227.393987 ,-73.373742
119.940165 ,225.949604 ,-78.313291
133.549439 ,224.155802 ,-68.070896
145.278082 ,218.584882 ,-66.006637
159.162565 ,199.460425 ,-70.814013
179.883843 ,184.559969 ,-75.707685
202.608024 ,149.626796 ,-88.860136
224.088776 ,115.861461 ,-72.149519
258.008548 ,55.204483 ,-31.665748
269.456823 ,-0.755503 ,-35.759090
259.422138 ,-42.963832 ,-27.437476
271.115841 ,-70.185660 ,3.822093
264.730005 ,-74.097442 ,35.494431
254.469494 ,-98.261108 ,61.330089
233.900437 ,-122.063264 ,73.704925
219.473388 ,-148.224939 ,106.219665
192.805142 ,-146.380771 ,127.387215
154.955030 ,-184.931491 ,132.672147
137.282082 ,-142.968980 ,194.645835
114.709836 ,-144.996583 ,212.710572
110.293742 ,-118.429176 ,219.824336
93.188498 ,-131.993804 ,223.494303
97.740018 ,-145.933301 ,207.527040
102.202572 ,-137.909405 ,213.064710
97.606454 ,-120.346761 ,220.562031
92.835387 ,-109.193561 ,225.006113
90.007404 ,-122.235889 ,223.031855
96.269965 ,-137.954228 ,211.321575
117.364361 ,-163.531814 ,188.600040
154.284404 ,-155.112133 ,161.314809
192.509698 ,-155.890330 ,120.308218
221.482940 ,-125.706051 ,96.136706
251.842401 ,-95.401068 ,50.362856
266.023104 ,-76.293108 ,10.664513
261.749634 ,-79.613195 ,-48.281755
245.717081 ,-92.934278 ,-88.671521
221.413765 ,-87.816724 ,-144.100256
203.314279 ,-93.088729 ,-163.247378
190.434244 ,-93.525193 ,-178.372442
176.606569 ,-101.485031 ,-189.862507
158.534169 ,-104.231454 ,-210.780329
139.151158 ,-98.633482 ,-217.108876
122.872487 ,-104.291179 ,-226.237424
109.993883 ,-113.436823 ,-228.518099
105.968418 ,-103.695274 ,-228.991554
105.716999 ,-113.344308 ,-232.738363
116.738703 ,-118.496535 ,-221.556464
135.386256 ,-117.492217 ,-217.183966
171.246333 ,-119.801964 ,-184.163150
204.449163 ,-136.565424 ,-138.919927
226.269323 ,-144.501738 ,-75.922183
244.047366 ,-141.773282 ,-15.931903
241.269567 ,-142.868173 ,28.140686
229.504492 ,-133.780044 ,78.303291
220.804518 ,-131.470955 ,116.328036
215.685926 ,-81.946928 ,159.860834
176.693303 ,-81.429177 ,206.687747
127.839657 ,-59.335669 ,240.813345
64.089345 ,-50.599981 ,255.351485
21.278426 ,-45.269273 ,263.674744
-18.177595 ,-36.319693 ,265.238177
-51.130355 ,-35.146384 ,260.573972
-83.135189 ,-28.191538 ,254.843644
-115.282243 ,-26.008906 ,245.990341
-146.200802 ,-34.521906 ,220.153229
-164.075667 ,-34.412294 ,209.092494
-194.945128 ,-40.469450 ,183.150776
-215.599738 ,-45.720814 ,162.304542
-229.843922 ,-62.806656 ,134.571965
-249.505377 ,-85.842236 ,90.391366
-250.240774 ,-95.698882 ,52.559373
-258.498180 ,-107.688737 ,23.028533
-250.570895 ,-111.111756 ,-8.307975
-252.409507 ,-102.835499 ,-31.136070
-241.854842 ,-110.860394 ,-48.936466
-234.081354 ,-115.537088 ,-89.366751
-209.894485 ,-147.109967 ,-123.427967
-199.044377 ,-145.625303 ,-134.149367
-179.903785 ,-148.714327 ,-148.716728
-175.051748 ,-150.548946 ,-161.041789
-163.438238 ,-158.366499 ,-163.871205
-174.393620 ,-155.165320 ,-167.485945
-181.761831 ,-156.044855 ,-150.091015
-200.748625 ,-151.702157 ,-126.429876
-212.935283 ,-154.335351 ,-89.072990
-228.934304 ,-154.785776 ,-85.949917
-234.345129 ,-150.390438 ,-57.114400
-243.813864 ,-139.632617 ,-26.113724
-243.292081 ,-135.192456 ,4.464928
-239.952462 ,-122.900606 ,43.891426
-233.908135 ,-117.196549 ,105.254241
-201.318120 ,-87.784988 ,159.317543
-141.528931 ,-94.026753 ,219.443501
-83.699421 ,-91.608704 ,247.577849
-72.124003 ,-101.916969 ,245.686086
-48.426877 ,-99.891235 ,247.590610
-14.889449 ,-77.673401 ,259.574091
14.958972 ,-67.591040 ,267.038298
48.522626 ,-37.622116 ,269.544445
72.448300 ,-20.652103 ,265.823052
105.152995 ,-18.428111 ,247.890387
138.556345 ,16.400999 ,231.895160
166.665209 ,34.445800 ,224.028693
171.740435 ,46.701976 ,206.945630
183.495304 ,48.882145 ,199.532555
186.746934 ,44.994009 ,196.418736
183.888082 ,68.528901 ,198.695706
178.114345 ,72.333071 ,202.609554
174.965410 ,87.211887 ,196.939612
178.723806 ,112.184482 ,187.607106
166.177019 ,125.490126 ,176.054507
162.922524 ,146.796621 ,153.479547
167.149165 ,151.215605 ,147.528906
187.397412 ,152.531604 ,145.259041
197.752619 ,119.895160 ,149.296008
210.206859 ,100.789475 ,162.758782
182.762199 ,124.163578 ,157.219156
