11:51:15.707 -> -76, -420, 16208, 1419, 2826, -1505
11:51:15.903 -> 24, -492, 16216, 1416, 2826, -1500
11:51:16.099 -> -64, -444, 16212, 1410, 2834, -1503
11:51:16.326 -> -120, -504, 16160, 1407, 2836, -1498
11:51:16.522 -> -44, -576, 16204, 1423, 2828, -1500
11:51:16.719 -> -68, -552, 16260, 1414, 2828, -1500
11:51:16.917 -> -80, -492, 16200, 1411, 2826, -1500
11:51:17.114 -> -88, -600, 16196, 1416, 2840, -1507
11:51:17.342 -> -100, -524, 16284, 1413, 2834, -1503
11:51:17.538 -> -60, -424, 16268, 1410, 2834, -1501
11:51:17.734 -> -40, -560, 16224, 1420, 2834, -1499
11:51:17.928 -> -40, -468, 16288, 1415, 2839, -1496
11:51:18.158 -> -64, -472, 16184, 1420, 2832, -1510
11:51:18.355 -> -88, -464, 16264, 1408, 2834, -1503
11:51:18.552 -> -128, -460, 16328, 1411, 2831, -1498
11:51:18.748 -> -32, -548, 16228, 1402, 2831, -1505
11:51:18.943 -> -72, -468, 16236, 1411, 2833, -1498
11:51:19.170 -> -84, -472, 16196, 1408, 2829, -1492
11:51:19.369 -> -104, -536, 16192, 1419, 2828, -1502
11:51:19.565 -> -52, -532, 16176, 1416, 2838, -1495
11:51:19.760 -> 4, -500, 16196, 1413, 2829, -1503
11:51:19.958 -> -176, -568, 16180, 1409, 2836, -1500
11:51:20.191 -> -68, -524, 16172, 1411, 2831, -1505
11:51:20.390 -> 8, -448, 16192, 1409, 2845, -1500
11:51:20.590 -> -68, -516, 16224, 1417, 2832, -1494
11:51:20.791 -> -168, -556, 16328, 1415, 2832, -1490
11:51:20.990 -> -116, -516, 16232, 1411, 2828, -1493
11:51:21.191 -> -88, -476, 16292, 1408, 2839, -1501
11:51:21.388 -> -64, -564, 16240, 1416, 2838, -1505
11:51:21.583 -> -76, -588, 16296, 1403, 2839, -1499
11:51:21.811 -> -44, -484, 16240, 1413, 2827, -1506
11:51:22.008 -> -188, -520, 16196, 1413, 2829, -1501
11:51:22.205 -> 0, -584, 16248, 1422, 2837, -1506
11:51:22.400 -> -100, -552, 16248, 1413, 2834, -1506
11:51:22.629 -> -72, -500, 16236, 1413, 2834, -1506
11:51:22.826 -> -4, -588, 16208, 1403, 2837, -1496
11:51:23.021 -> -16, -436, 16256, 1415, 2837, -1503
11:51:23.219 -> 8, -464, 16236, 1414, 2833, -1502
11:51:23.414 -> -40, -444, 16232, 1403, 2832, -1499
11:51:23.613 -> -100, -432, 16236, 1419, 2836, -1495
11:51:23.838 -> -60, -544, 16284, 1415, 2837, -1506
11:51:24.034 -> -44, -516, 16236, 1415, 2834, -1501
11:51:24.232 -> -52, -508, 16192, 1416, 2831, -1495
11:51:24.429 -> -32, -516, 16264, 1411, 2831, -1502
11:51:24.626 -> -76, -516, 16264, 1421, 2840, -1502
11:51:24.853 -> -116, -504, 16136, 1413, 2837, -1501
11:51:25.050 -> -116, -532, 16336, 1417, 2837, -1508
11:51:25.244 -> -52, -472, 16280, 1420, 2839, -1506
11:51:25.440 -> -64, -544, 16304, 1416, 2833, -1505
11:51:25.667 -> -72, -452, 16244, 1406, 2834, -1501
11:51:25.861 -> -68, -428, 16192, 1415, 2829, -1496
11:51:26.059 -> -40, -504, 16224, 1407, 2831, -1498
11:51:26.255 -> -100, -516, 16288, 1411, 2833, -1507
11:51:26.484 -> -48, -588, 16320, 1406, 2827, -1501
11:51:26.680 -> -12, -520, 16224, 1410, 2829, -1501
11:51:26.877 -> -8, -456, 16316, 1415, 2839, -1499
11:51:27.073 -> -20, -588, 16228, 1413, 2832, -1506
11:51:27.269 -> -128, -416, 16180, 1416, 2828, -1500
11:51:27.497 -> -88, -544, 16272, 1409, 2836, -1495
11:51:27.693 -> -32, -560, 16208, 1411, 2831, -1498
11:51:27.890 -> -152, -484, 16256, 1414, 2836, -1498
11:51:28.083 -> -152, -524, 16180, 1406, 2837, -1506
11:51:28.312 -> -100, -456, 16272, 1416, 2828, -1502
11:51:28.509 -> -64, -436, 16324, 1413, 2842, -1503
11:51:28.705 -> -92, -524, 16172, 1407, 2826, -1509
11:51:28.904 -> -92, -444, 16172, 1414, 2833, -1500
11:51:29.100 -> -48, -516, 16244, 1404, 2836, -1507
11:51:29.330 -> -80, -536, 16296, 1407, 2831, -1502
11:51:29.526 -> -164, -460, 16272, 1410, 2829, -1503
11:51:29.723 -> -12, -412, 16264, 1414, 2838, -1491
11:51:29.917 -> -120, -500, 16188, 1408, 2827, -1501
11:51:30.113 -> -68, -444, 16312, 1413, 2844, -1496
11:51:30.341 -> -108, -528, 16252, 1419, 2828, -1498
11:51:30.535 -> -24, -464, 16304, 1413, 2829, -1499
11:51:30.731 -> -132, -496, 16188, 1410, 2829, -1503
11:51:30.933 -> -84, -536, 16268, 1408, 2834, -1492
11:51:31.127 -> -96, -432, 16212, 1403, 2825, -1501
11:51:31.357 -> -92, -460, 16232, 1416, 2838, -1502
11:51:31.552 -> -36, -500, 16236, 1419, 2828, -1507
11:51:31.754 -> -48, -560, 16184, 1417, 2834, -1510
11:51:31.947 -> -32, -496, 16240, 1407, 2833, -1500
11:51:32.144 -> -76, -544, 16332, 1415, 2834, -1492
11:51:32.372 -> -88, -476, 16140, 1413, 2837, -1508
11:51:32.569 -> -124, -480, 16312, 1413, 2829, -1501
11:51:32.782 -> -144, -572, 16284, 1421, 2826, -1502
11:51:32.976 -> 0, -512, 16224, 1407, 2831, -1500
11:51:33.174 -> 8, -508, 16260, 1419, 2840, -1493
11:51:33.369 -> -4, -472, 16228, 1404, 2833, -1505
11:51:33.567 -> -28, -484, 16304, 1413, 2842, -1503
11:51:33.793 -> -48, -488, 16228, 1416, 2833, -1498
11:51:33.993 -> -48, -532, 16276, 1410, 2839, -1501
11:51:34.186 -> -40, -532, 16312, 1409, 2840, -1498
11:51:34.381 -> -116, -460, 16276, 1401, 2837, -1499
11:51:34.609 -> -68, -544, 16240, 1408, 2829, -1503
11:51:34.805 -> -184, -476, 16168, 1410, 2839, -1487
11:51:35.002 -> 32, -596, 16212, 1410, 2829, -1499
11:51:35.215 -> -108, -392, 16284, 1414, 2836, -1502
11:51:35.415 -> -172, -464, 16288, 1414, 2823, -1509
11:51:35.610 -> -48, -544, 16244, 1411, 2831, -1498
11:51:35.807 -> -76, -552, 16216, 1406, 2832, -1503
11:51:36.004 -> -164, -564, 16152, 1410, 2827, -1506
11:51:36.236 -> -132, -528, 16228, 1411, 2826, -1500
11:51:36.432 -> -116, -556, 16284, 1417, 2834, -1499
11:51:36.628 -> -60, -492, 16320, 1414, 2828, -1502
11:51:36.825 -> -104, -460, 16244, 1414, 2831, -1493
11:51:37.023 -> -72, -468, 16272, 1409, 2833, -1507
11:51:37.254 -> -32, -500, 16264, 1408, 2834, -1499
11:51:37.447 -> 20, -560, 16224, 1409, 2831, -1502
11:51:37.643 -> -160, -472, 16208, 1411, 2836, -1505
11:51:37.839 -> -64, -548, 16176, 1415, 2837, -1506
11:51:38.035 -> -56, -564, 16248, 1420, 2829, -1496
11:51:38.265 -> -76, -540, 16296, 1419, 2826, -1495
11:51:38.442 -> -68, -448, 16284, 1419, 2828, -1498
11:51:38.669 -> -40, -440, 16256, 1414, 2828, -1509
11:51:38.865 -> -36, -556, 16204, 1406, 2837, -1508
11:51:39.062 -> -164, -440, 16136, 1410, 2832, -1496
11:51:39.259 -> -44, -532, 16204, 1411, 2836, -1502
11:51:39.488 -> -92, -480, 16224, 1409, 2836, -1498
11:51:39.684 -> -68, -568, 16260, 1415, 2829, -1492
11:51:39.882 -> -96, -480, 16192, 1415, 2842, -1501
11:51:40.078 -> -88, -564, 16192, 1411, 2828, -1502
11:51:40.278 -> -120, -536, 16188, 1416, 2833, -1500
11:51:40.477 -> -8, -548, 16228, 1413, 2834, -1494
11:51:40.674 -> -80, -516, 16296, 1408, 2829, -1492
11:51:40.904 -> -20, -568, 16288, 1417, 2829, -1501
11:51:41.102 -> -24, -524, 16292, 1414, 2828, -1505
11:51:41.299 -> 12, -532, 16224, 1410, 2829, -1501
11:51:41.500 -> 32, -516, 16368, 1415, 2842, -1506
11:51:41.700 -> -64, -528, 16220, 1415, 2837, -1506
11:51:41.901 -> -152, -496, 16240, 1421, 2828, -1500
11:51:42.101 -> -32, -512, 16212, 1409, 2833, -1500
11:51:42.326 -> -124, -536, 16304, 1413, 2825, -1501
11:51:42.524 -> -84, -436, 16256, 1411, 2828, -1502
11:51:42.723 -> -16, -536, 16276, 1408, 2834, -1501
11:51:42.919 -> -72, -596, 16248, 1421, 2838, -1505
11:51:43.114 -> -44, -464, 16152, 1413, 2834, -1499
11:51:43.342 -> -120, -540, 16240, 1414, 2836, -1498
11:51:43.539 -> -164, -492, 16224, 1410, 2825, -1499
11:51:43.738 -> -60, -544, 16236, 1408, 2834, -1506
11:51:43.932 -> -36, -532, 16260, 1410, 2842, -1506
11:51:44.128 -> -112, -512, 16188, 1420, 2834, -1506
11:51:44.359 -> -116, -512, 16260, 1409, 2833, -1502
11:51:44.554 -> -108, -548, 16316, 1415, 2829, -1503
11:51:44.751 -> -84, -540, 16184, 1415, 2842, -1508
11:51:44.946 -> 28, -624, 16252, 1411, 2833, -1500
11:51:45.141 -> 40, -448, 16352, 1409, 2838, -1505
11:51:45.373 -> -36, -576, 16224, 1416, 2831, -1505
11:51:45.567 -> -132, -592, 16296, 1404, 2836, -1491
11:51:45.766 -> -28, -644, 16304, 1410, 2832, -1501
11:51:45.961 -> -108, -460, 16220, 1413, 2827, -1492
11:51:46.191 -> -104, -612, 16360, 1409, 2826, -1505
11:51:46.361 -> -92, -448, 16160, 1410, 2834, -1499
11:51:46.593 -> -52, -472, 16284, 1409, 2826, -1498
11:51:46.789 -> -128, -616, 16204, 1411, 2836, -1505
11:51:46.987 -> -44, -532, 16248, 1414, 2836, -1495
11:51:47.185 -> -64, -504, 16236, 1410, 2825, -1501
11:51:47.380 -> 12, -524, 16260, 1415, 2837, -1503
11:51:47.610 -> -72, -496, 16228, 1408, 2827, -1503
11:51:47.806 -> -72, -488, 16272, 1408, 2832, -1506
11:51:48.004 -> -124, -532, 16220, 1419, 2836, -1498
11:51:48.199 -> -84, -552, 16244, 1409, 2831, -1500
11:51:48.394 -> -204, -544, 16220, 1406, 2825, -1501
11:51:48.624 -> -64, -532, 16268, 1413, 2834, -1492
11:51:48.826 -> -48, -492, 16240, 1413, 2837, -1503
11:51:49.023 -> -152, -484, 16176, 1423, 2828, -1502
11:51:49.220 -> -148, -604, 16184, 1416, 2836, -1507
11:51:49.416 -> -52, -508, 16184, 1407, 2831, -1493
11:51:49.613 -> 8, -520, 16208, 1408, 2839, -1496
11:51:49.840 -> -100, -524, 16248, 1410, 2837, -1503
11:51:50.036 -> -216, -568, 16252, 1408, 2844, -1506
11:51:50.232 -> 24, -432, 16288, 1407, 2836, -1507
11:51:50.427 -> -12, -520, 16204, 1422, 2837, -1503
11:51:50.657 -> -16, -440, 16252, 1411, 2831, -1495
11:51:50.853 -> -64, -488, 16228, 1408, 2829, -1499
11:51:51.048 -> -192, -604, 16304, 1406, 2834, -1496
11:51:51.245 -> -28, -544, 16216, 1416, 2833, -1491
11:51:51.443 -> -40, -516, 16188, 1413, 2825, -1501
11:51:51.671 -> -88, -512, 16272, 1411, 2826, -1500
11:51:51.871 -> -76, -452, 16256, 1413, 2829, -1506
11:51:52.067 -> -44, -560, 16264, 1416, 2833, -1507
11:51:52.265 -> -72, -516, 16180, 1409, 2833, -1502
11:51:52.459 -> -136, -528, 16256, 1425, 2832, -1503
11:51:52.688 -> -100, -440, 16240, 1414, 2833, -1505
11:51:52.885 -> -44, -544, 16252, 1415, 2825, -1501
11:51:53.081 -> -84, -516, 16212, 1410, 2827, -1499
11:51:53.280 -> -132, -444, 16228, 1407, 2831, -1512
11:51:53.475 -> -72, -492, 16288, 1409, 2836, -1507
11:51:53.704 -> -80, -568, 16288, 1427, 2832, -1510
11:51:53.901 -> -160, -516, 16292, 1406, 2829, -1510
11:51:54.097 -> -52, -508, 16172, 1411, 2833, -1502
11:51:54.294 -> -56, -544, 16300, 1417, 2837, -1501
11:51:54.489 -> -76, -512, 16232, 1410, 2827, -1508
11:51:54.716 -> -76, -540, 16320, 1417, 2832, -1508
11:51:54.914 -> -24, -568, 16128, 1419, 2836, -1512
11:51:55.111 -> -40, -444, 16176, 1413, 2827, -1503
11:51:55.307 -> -104, -492, 16236, 1417, 2829, -1496
11:51:55.505 -> -80, -528, 16260, 1410, 2834, -1506
11:51:55.734 -> -108, -500, 16196, 1414, 2838, -1488
11:51:55.931 -> -124, -468, 16244, 1416, 2821, -1507
11:51:56.126 -> -92, -496, 16248, 1413, 2834, -1501
11:51:56.324 -> -72, -480, 16320, 1413, 2829, -1499
11:51:56.522 -> 16, -496, 16256, 1415, 2825, -1494
11:51:56.752 -> -148, -496, 16252, 1410, 2839, -1508
11:51:56.948 -> -112, -480, 16168, 1409, 2823, -1509
11:51:57.146 -> -124, -472, 16256, 1415, 2832, -1501
11:51:57.341 -> 44, -608, 16272, 1409, 2836, -1491
11:51:57.538 -> -72, -524, 16256, 1408, 2829, -1496
11:51:57.767 -> -32, -500, 16148, 1408, 2834, -1510
11:51:57.964 -> -80, -544, 16300, 1413, 2834, -1499
11:51:58.161 -> -188, -572, 16240, 1414, 2836, -1495
11:51:58.357 -> -100, -524, 16280, 1421, 2833, -1502
11:51:58.555 -> -80, -496, 16184, 1404, 2821, -1495
11:51:58.754 -> -40, -484, 16320, 1410, 2822, -1506
11:51:58.984 -> -32, -568, 16204, 1419, 2833, -1495
11:51:59.184 -> -88, -544, 16280, 1416, 2828, -1502
11:51:59.378 -> -64, -488, 16240, 1411, 2828, -1502
11:51:59.575 -> -148, -536, 16240, 1410, 2832, -1506
11:51:59.769 -> -140, -560, 16248, 1407, 2828, -1502
11:51:59.998 -> -36, -536, 16188, 1408, 2832, -1496
11:52:00.193 -> -56, -420, 16220, 1417, 2834, -1501
11:52:00.391 -> -100, -536, 16176, 1419, 2831, -1500
11:52:00.587 -> -136, -512, 16296, 1420, 2822, -1503
11:52:00.797 -> -52, -440, 16304, 1413, 2834, -1499
11:52:00.988 -> -28, -508, 16260, 1420, 2837, -1506
11:52:01.191 -> 4, -536, 16244, 1414, 2838, -1498
11:52:01.418 -> -80, -464, 16216, 1411, 2831, -1502
11:52:01.615 -> -132, -576, 16328, 1415, 2834, -1508
11:52:01.810 -> -144, -528, 16200, 1408, 2834, -1501
11:52:02.006 -> -40, -488, 16264, 1421, 2833, -1505
11:52:02.236 -> -180, -476, 16196, 1416, 2831, -1507
11:52:02.433 -> -80, -468, 16316, 1420, 2834, -1499
11:52:02.628 -> -28, -544, 16224, 1411, 2833, -1500
11:52:02.826 -> -92, -524, 16212, 1409, 2823, -1502
11:52:03.021 -> -48, -536, 16316, 1407, 2833, -1500
11:52:03.250 -> 16, -524, 16192, 1414, 2833, -1502
11:52:03.446 -> -56, -500, 16232, 1416, 2828, -1507
11:52:03.644 -> -56, -552, 16272, 1406, 2834, -1503
11:52:03.840 -> -48, -440, 16300, 1417, 2839, -1496
11:52:04.042 -> -36, -508, 16256, 1417, 2829, -1515
11:52:04.239 -> 0, -464, 16228, 1411, 2838, -1484
11:52:04.468 -> 0, -472, 16272, 1415, 2832, -1501
11:52:04.665 -> -108, -508, 16296, 1407, 2833, -1502
11:52:04.865 -> -36, -508, 16276, 1415, 2822, -1499
11:52:05.061 -> 16, -440, 16172, 1406, 2829, -1496
11:52:05.257 -> -108, -500, 16240, 1411, 2831, -1500
11:52:05.484 -> 36, -608, 16288, 1413, 2837, -1513
11:52:05.679 -> -100, -540, 16244, 1417, 2827, -1499
11:52:05.877 -> -52, -516, 16252, 1416, 2838, -1505
11:52:06.070 -> -28, -420, 16216, 1414, 2831, -1495
11:52:06.298 -> 32, -592, 16240, 1411, 2833, -1498
11:52:06.495 -> -32, -544, 16288, 1404, 2838, -1502
11:52:06.692 -> -36, -588, 16248, 1414, 2838, -1502
11:52:06.886 -> -96, -488, 16204, 1411, 2833, -1507
11:52:07.084 -> -36, -464, 16120, 1417, 2837, -1501
11:52:07.314 -> -72, -544, 16240, 1411, 2833, -1507
11:52:07.509 -> -8, -632, 16280, 1409, 2828, -1500
11:52:07.705 -> -96, -516, 16300, 1414, 2833, -1502
11:52:07.901 -> -80, -416, 16280, 1409, 2826, -1509
11:52:08.096 -> -100, -560, 16260, 1414, 2836, -1498
11:52:08.326 -> -56, -480, 16244, 1414, 2831, -1498
11:52:08.522 -> -100, -588, 16236, 1420, 2825, -1503
11:52:08.719 -> -68, -492, 16372, 1411, 2828, -1507
11:52:08.918 -> -64, -516, 16284, 1419, 2823, -1502
11:52:09.113 -> -88, -512, 16292, 1411, 2833, -1498
11:52:09.340 -> 24, -428, 16164, 1402, 2828, -1505
11:52:09.535 -> -56, -492, 16172, 1420, 2829, -1506
11:52:09.733 -> -48, -516, 16244, 1410, 2829, -1501
11:52:09.928 -> -84, -536, 16216, 1409, 2836, -1500
11:52:10.156 -> -60, -524, 16280, 1416, 2836, -1500
11:52:10.331 -> -64, -516, 16232, 1416, 2831, -1498
11:52:10.561 -> -48, -552, 16240, 1411, 2836, -1505
11:52:10.756 -> -60, -496, 16152, 1414, 2833, -1512
11:52:10.962 -> -72, -540, 16284, 1419, 2840, -1505
11:52:11.187 -> -64, -556, 16276, 1411, 2828, -1498
11:52:11.390 -> -48, -464, 16268, 1411, 2842, -1503
11:52:11.553 -> -76, -524, 16196, 1409, 2828, -1516
11:52:11.783 -> -56, -460, 16236, 1409, 2833, -1509
11:52:11.978 -> 4, -472, 16244, 1414, 2828, -1502